-0.010937116
0.0675105
-0.013209815
0.0034285432
-0.05942238
-0.053782027
0.033648062
0.07499517
-0.028258497
0.017551955
-0.028653793
-0.014748054
-0.0063432227
-0.024902204
-0.032285307
-0.023385892
0.00641692
-0.022324275
-0.025656283
0.018413646
-0.007222526
-0.053736277
-0.063064344
-0.049599204
0.029328069
-0.045645997
-0.050401304
-0.036629338
-0.016827408
-0.0047790864
-0.045689404
0.0017124622
-0.019372812
0.021669727
-0.011331084
0.02100552
-0.05951534
0.0025368733
-0.021247244
0.021510337
-0.045823395
-0.024229316
0.04260051
-0.004694424
0.012205648
-0.01305438
-0.045161422
-0.016541582
0.040547695
-0.051293373
