-0.03382808
0.058725744
-0.016526973
-0.0061563314
-0.06411077
-0.053371742
0.038173188
0.02014287
-0.02310098
0.0147878975
-0.039954152
-0.0013647764
-0.0028633256
-0.025697244
-0.032642733
-0.018095205
0.007290623
-0.026417023
-0.023448892
0.017073534
-0.0022722087
-0.059216168
-0.06898823
-0.022225028
0.0045799003
-0.028109415
-0.0576176
-0.025005953
-0.014224754
-0.01158249
-0.032763466
0.0140645355
-0.007658697
-0.018544683
0.0004417634
0.010782949
-0.0554049
0.0015854479
-0.0014122195
0.024017317
-0.04845803
-0.03626343
0.048391256
-0.009851921
0.03365321
-0.020140812
-0.0408974
-0.022137305
0.03896881
-0.020207383
